Name,Age,Tm,Lg,Pos,G,GS,MP,FG,FGA,FG%,3P,3PA,3P%,2P,2PA,2P%,eFG%,FT,FTA,FT%,ORB,DRB,TRB,AST,STL,BLK,TOV,PF,PTS
Giannis Antetokounmpo,22,MIL,NBA,SF,80,80,35.6,8.2,15.7,.522,0.6,2.3,.272,7.6,13.5,.564,.541,5.9,7.7,.770,1.8,7.0,8.7,5.4,1.6,1.9,2.9,3.1,22.9
Jimmy Butler,27,CHI,NBA,SF,76,75,37.0,7.5,16.5,.455,1.2,3.3,.367,6.3,13.2,.477,.492,7.7,8.9,.865,1.7,4.5,6.2,5.5,1.9,0.4,2.1,1.5,23.9
Lebron James,32,CLE,NBA,SF,74,74,37.8,9.9,18.2,.548,1.7,4.6,.363,8.3,13.5,.611,.594,4.8,7.2,.674,1.3,7.3,8.6,8.7,1.2,0.6,4.1,1.8,26.4
DeMar Derozen,27,TOR,NBA,SG,74,74,35.4,9.7,20.9,.467,0.4,1.7,.266,9.3,19.2,.484,.477,7.4,8.7,.842,0.9,4.3,5.2,3.9,1.1,0.2,2.4,1.8,27.3
Kyrie Irving,24,CLE,NBA,PG,72,72,35.1,9.3,19.7,.473,2.5,6.1,.401,6.9,13.6,.505,.535,4.1,4.6,.905,0.7,2.5,3.2,5.8,1.2,0.3,2.5,2.2,25.2
Carmelo Anthony,32,NYK,NBA,SF,74,74,34.3,8.1,18.8,.433,2.0,5.7,.360,6.1,13.1,.465,.488,4.1,4.9,.833,0.8,5.1,5.9,2.9,0.8,0.4,2.1,2.7,22.4
Paul George,26,IND,NBA,SF,75,75,35.9,8.3,18.0,.461,2.6,6.6,.394,5.7,11.4,.501,.534,4.5,5.0,.898,0.8,5.8,6.6,3.3,1.6,0.4,2.9,2.7,23.7
Kevin Love,28,CLE,NBA,PF,60,60,31.4,6.2,14.5,.427,2.4,6.5,.373,3.8,8.0,.471,.510,4.3,4.9,.871,2.5,8.6,11.1,1.9,0.9,0.4,2.0,2.1,19.0
Kyle Lowry,30,TOR,NBA,PG,60,60,37.4,7.1,15.3,.464,3.2,7.8,.412,3.9,7.5,.518,.569,5.0,6.1,.819,0.8,4.0,4.8,7.0,1.5,0.3,2.9,2.8,22.4
Paul Millsap,31,ATL,NBA,PF,69,67,34.0,6.2,14.1,.442,1.1,3.5,.311,5.1,10.6,.486,.481,4.5,5.9,.768,1.6,6.1,7.7,3.7,1.3,0.9,2.3,2.7,18.1
Isaiah Thomas,27,BOS,NBA,PG,76,76,33.8,9.0,19.4,.463,3.2,8.5,.379,5.8,10.9,.528,.546,7.8,8.5,.909,0.6,2.1,2.7,5.9,0.9,0.2,2.8,2.2,28.9
Kemba Walker,26,CHO,NBA,PG,79,79,34.7,8.1,18.4,.443,3.0,7.6,.399,5.1,10.7,.475,.526,3.8,4.5,.847,0.6,3.3,3.9,5.5,1.1,0.3,2.1,1.5,23.2
John Wall,26,WAS,NBA,PG,78,78,36.4,8.3,18.4,.451,1.1,3.5,.327,7.2,14.9,.480,.482,5.4,6.8,.801,0.7,3.4,4.2,10.7,2.0,0.6,4.1,1.9,23.1
Anthony Davis,23,NOP,NBA,C,75,75,36.1,10.3,20.4,.504,0.5,1.8,.299,9.7,18.6,.524,.517,6.9,8.6,.802,2.3,9.5,11.8,2.1,1.3,2.2,2.4,2.2,28.0
Kevin Durant,28,GSW,NBA,SF,62,62,33.4,8.9,16.5,.537,1.9,5.0,.375,7.0,11.5,.608,.594,5.4,6.2,.875,0.6,7.6,8.3,4.9,1.1,1.6,2.2,1.9,25.1
Kawhi Leonard,25,SAS,NBA,SF,74,74,33.4,8.6,17.7,.485,2.0,5.2,.381,6.6,12.5,.529,.541,6.3,7.2,.880,1.1,4.7,5.8,3.5,1.8,0.7,2.1,1.6,25.5
Stephen Curry,28,GSW,NBA,PG,79,79,33.4,8.5,18.3,.468,4.1,10.0,.411,4.4,8.3,.537,.580,4.1,4.6,.898,0.8,3.7,4.5,6.6,1.8,0.2,3.0,2.3,25.3
James Harden,27,HOU,NBA,PG,81,81,36.4,8.3,18.9,.440,3.2,9.3,.347,5.1,9.6,.530,.525,9.2,10.9,.847,1.2,7.0,8.1,11.2,1.5,0.5,5.7,2.7,29.1
DeMarcus Cousins,26,NOP,NBA,C,17,17,33.8,8.4,18.5,.452,2.1,5.6,.375,6.2,12.8,.486,.510,5.5,7.1,.777,2.2,10.2,12.5,3.9,1.5,1.1,3.6,4.4,24.4
Marc Gasol,32,MEM,NBA,C,74,74,34.2,7.2,15.7,.459,1.4,3.6,.388,5.8,12.1,.480,.503,3.8,4.5,.837,0.8,5.4,6.2,4.6,0.9,1.4,2.2,2.3,19.5
Draymond Green,26,GSW,NBA,PF,76,76,32.5,3.6,8.6,.418,1.1,3.5,.308,2.5,5.1,.494,.481,2.0,2.8,.709,1.3,6.6,7.9,7.0,2.0,1.4,2.4,2.9,10.2
Gordon Hayward,26,UTA,NBA,SF,73,73,34.5,7.5,15.8,.471,2.0,5.1,.398,5.4,10.7,.506,.536,5.0,5.9,.844,0.7,4.7,5.4,3.5,1.0,0.3,1.9,1.6,21.9
DeAndre Jordan,28,LAC,NBA,C,81,81,31.7,5.1,7.1,.714,0.0,0.0,.000,5.1,7.1,.717,.714,2.5,5.2,.482,3.7,10.1,13.8,1.2,0.6,1.7,1.4,2.6,12.7
Klay Thompson,26,GSW,NBA,SG,78,78,34.0,8.3,17.6,.468,3.4,8.3,.414,4.8,9.3,.516,.565,2.4,2.8,.853,0.6,3.0,3.7,2.1,0.8,0.5,1.6,1.8,22.3
Russell Westbrook,28,OKC,NBA,PG,81,81,34.6,10.2,24.0,.425,2.5,7.2,.343,7.7,16.8,.459,.476,8.8,10.4,.845,1.7,9.0,10.7,10.4,1.6,0.4,5.4,2.3,31.6
